[File-Lock-Key.jpg]
filters=autocolor=1;enhance=1;autolight=1;Soften=1,100.000000,30.994152;Invert=1;dir_tint=1,0.500000,0.500000,0.250000,0.250000,ff95a5ff,0;bw=1;PicnikTint=1,0.000000,0080cfff;
moddate=aa5af57a0952ce01
width=614
height=461
text=1;133;10;LOGIN FORM;Georgia;0.007756,0.177943,0.077377,5.934386;v1,4294967295,4294967295,128.000000,1.000000,0.500000,1.000000,400,2,49152;;
textactive=1
[register.jpg]
filters=PicnikTint=1,0.000000,0080cfff;finetune2=1,0.105263,0.000000,0.000000,00000000,0.000000;autocolor=1;Invert=1;TwoTone=1,0.000000,20.000000,0.000000,00004488,00ffff00;sepia=1;PicnikTint=1,0.000000,0080cfff;
moddate=4c97e75dba56ce01
width=250
height=240
textactive=0
